"lansing" <-
structure(list(x = c(0.078, 0.076, 0.051, 0.015, 0.03, 0.102, 
0.135, 0.121, 0.04, 0.065, 0.091, 0.139, 0.146, 0.128, 0.03, 
0.064, 0.035, 0.069, 0.091, 0.107, 0.096, 0.079, 0.129, 0.14, 
0.04, 0.003, 0.002, 0.001, 0.036, 0.048, 0.053, 0.129, 0.118, 
0.061, 0.271, 0.222, 0.158, 0.186, 0.179, 0.249, 0.265, 0.242, 
0.195, 0.205, 0.203, 0.166, 0.153, 0.284, 0.233, 0.417, 0.154, 
0.287, 0.346, 0.33, 0.289, 0.328, 0.354, 0.311, 0.28, 0.405, 
0.351, 0.342, 0.364, 0.383, 0.332, 0.33, 0.36, 0.294, 0.364, 
0.371, 0.376, 0.387, 0.386, 0.368, 0.34, 0.327, 0.342, 0.445, 
0.453, 0.588, 0.601, 0.606, 0.629, 0.634, 0.669, 0.659, 0.575, 
0.633, 0.703, 0.623, 0.629, 0.641, 0.699, 0.713, 0.701, 0.752, 
0.737, 0.799, 0.806, 0.828, 0.845, 0.856, 0.848, 0.789, 0.793, 
0.734, 0.739, 0.747, 0.749, 0.766, 0.78, 0.735, 0.838, 0.782, 
0.804, 0.819, 0.75, 0.766, 0.829, 0.734, 0.795, 0.846, 0.891, 
0.91, 0.881, 0.872, 0.86, 0.904, 0.872, 0.926, 0.96, 0.982, 0.968, 
0.927, 0.929, 0.069, 0.049, 0.094, 0.106, 0.13, 0.081, 0.027, 
0.027, 0.034, 0.066, 0.04, 0.031, 0.04, 0.041, 0.039, 0.023, 
0.098, 0.084, 0.053, 0.035, 0.036, 0.05, 0.027, 0.108, 0.134, 
0.143, 0.128, 0.105, 0.129, 0.036, 0.03, 0.028, 0.031, 0.03, 
0.068, 0.075, 0.047, 0.023, 0.069, 0.076, 0.082, 0.089, 0.107, 
0.146, 0.089, 0.078, 0.084, 0.11, 0.132, 0.122, 0.124, 0.124, 
0.103, 0.091, 0.118, 0.027, 0.079, 0.025, 0.026, 0.03, 0.039, 
0.047, 0.054, 0.077, 0.07, 0.054, 0.042, 0.069, 0.081, 0.092, 
0.102, 0.147, 0.131, 0.098, 0.12, 0.081, 0.102, 0.116, 0.118, 
0.094, 0.079, 0.065, 0.047, 0.053, 0.035, 0.03, 0.026, 0.047, 
0.064, 0.032, 0.024, 0.027, 0.035, 0.04, 0.045, 0.07, 0.045, 
0.032, 0.08, 0.078, 0.092, 0.097, 0.136, 0.127, 0.106, 0.131, 
0.109, 0.145, 0.095, 0.129, 0.142, 0.135, 0.1, 0.01, 0.027, 0.028, 
0.029, 0.064, 0.009, 0.027, 0.038, 0.037, 0.054, 0.066, 0.07, 
0.068, 0.063, 0.035, 0.034, 0.024, 0.001, 0.054, 0.061, 0.077, 
0.085, 0.116, 0.12, 0.136, 0.142, 0.127, 0.115, 0.101, 0.137, 
0.123, 0.101, 0.123, 0.136, 0.127, 0.115, 0.114, 0.108, 0.105, 
0.104, 0.081, 0.078, 0.026, 0.035, 0.071, 0.076, 0.065, 0.064, 
0.047, 0.041, 0.031, 0.031, 0.052, 0.207, 0.183, 0.172, 0.175, 
0.216, 0.219, 0.16, 0.198, 0.278, 0.245, 0.229, 0.24, 0.246, 
0.274, 0.219, 0.244, 0.279, 0.288, 0.234, 0.209, 0.168, 0.163, 
0.17, 0.163, 0.154, 0.159, 0.157, 0.179, 0.166, 0.281, 0.258, 
0.229, 0.238, 0.249, 0.248, 0.279, 0.265, 0.225, 0.228, 0.153, 
0.162, 0.167, 0.176, 0.174, 0.203, 0.211, 0.16, 0.186, 0.155, 
0.193, 0.174, 0.166, 0.268, 0.258, 0.26, 0.253, 0.276, 0.289, 
0.207, 0.156, 0.162, 0.148, 0.161, 0.209, 0.224, 0.228, 0.222, 
0.22, 0.238, 0.247, 0.229, 0.221, 0.254, 0.262, 0.159, 0.212, 
0.158, 0.201, 0.193, 0.216, 0.286, 0.289, 0.223, 0.229, 0.211, 
0.212, 0.184, 0.198, 0.183, 0.148, 0.185, 0.251, 0.256, 0.271, 
0.258, 0.234, 0.242, 0.242, 0.268, 0.265, 0.253, 0.256, 0.398, 
0.416, 0.424, 0.413, 0.37, 0.419, 0.385, 0.29, 0.394, 0.404, 
0.415, 0.417, 0.372, 0.302, 0.32, 0.294, 0.406, 0.289, 0.339, 
0.409, 0.404, 0.335, 0.354, 0.31, 0.332, 0.317, 0.338, 0.394, 
0.417, 0.427, 0.43, 0.474, 0.329, 0.33, 0.335, 0.353, 0.323, 
0.348, 0.347, 0.409, 0.356, 0.304, 0.331, 0.307, 0.323, 0.331, 
0.333, 0.342, 0.347, 0.358, 0.36, 0.342, 0.344, 0.346, 0.302, 
0.304, 0.318, 0.333, 0.387, 0.425, 0.37, 0.405, 0.419, 0.408, 
0.398, 0.39, 0.367, 0.304, 0.308, 0.314, 0.328, 0.329, 0.312, 
0.321, 0.325, 0.323, 0.294, 0.38, 0.389, 0.425, 0.384, 0.366, 
0.307, 0.291, 0.412, 0.465, 0.463, 0.44, 0.461, 0.497, 0.438, 
0.553, 0.576, 0.475, 0.436, 0.513, 0.538, 0.459, 0.49, 0.498, 
0.501, 0.501, 0.444, 0.578, 0.543, 0.556, 0.54, 0.448, 0.459, 
0.491, 0.475, 0.459, 0.492, 0.456, 0.438, 0.473, 0.473, 0.556, 
0.437, 0.446, 0.508, 0.482, 0.487, 0.439, 0.534, 0.569, 0.495, 
0.439, 0.459, 0.693, 0.686, 0.708, 0.657, 0.577, 0.608, 0.619, 
0.609, 0.631, 0.621, 0.62, 0.617, 0.708, 0.671, 0.619, 0.659, 
0.694, 0.682, 0.601, 0.585, 0.616, 0.615, 0.636, 0.639, 0.682, 
0.712, 0.706, 0.696, 0.672, 0.658, 0.714, 0.661, 0.673, 0.66, 
0.629, 0.617, 0.604, 0.588, 0.584, 0.609, 0.712, 0.703, 0.667, 
0.666, 0.579, 0.641, 0.602, 0.695, 0.686, 0.672, 0.656, 0.659, 
0.598, 0.619, 0.584, 0.629, 0.585, 0.654, 0.654, 0.661, 0.683, 
0.68, 0.677, 0.663, 0.627, 0.639, 0.64, 0.64, 0.623, 0.608, 0.596, 
0.639, 0.767, 0.733, 0.747, 0.779, 0.839, 0.813, 0.848, 0.852, 
0.854, 0.858, 0.721, 0.782, 0.776, 0.728, 0.737, 0.838, 0.811, 
0.821, 0.831, 0.855, 0.823, 0.82, 0.828, 0.827, 0.819, 0.815, 
0.758, 0.768, 0.742, 0.789, 0.793, 0.771, 0.763, 0.748, 0.831, 
0.803, 0.842, 0.816, 0.804, 0.798, 0.803, 0.806, 0.811, 0.801, 
0.832, 0.744, 0.786, 0.75, 0.769, 0.738, 0.756, 0.764, 0.777, 
0.753, 0.748, 0.738, 0.731, 0.802, 0.848, 0.823, 0.804, 0.827, 
0.83, 0.842, 0.831, 0.741, 0.782, 0.774, 0.727, 0.841, 0.803, 
0.816, 0.746, 0.79, 0.725, 0.784, 0.727, 0.773, 0.832, 0.802, 
0.854, 0.832, 0.829, 0.825, 0.846, 0.778, 0.789, 0.729, 0.782, 
0.794, 0.823, 0.785, 0.748, 0.95, 0.926, 0.943, 0.951, 0.907, 
0.895, 0.908, 0.976, 1, 0.991, 0.97, 0.944, 0.972, 0.923, 0.916, 
0.997, 0.88, 0.898, 0.866, 0.881, 0.906, 0.896, 0.892, 0.883, 
0.874, 0.893, 0.913, 0.929, 0.968, 0.932, 0.924, 0.948, 0.942, 
0.949, 0.962, 0.998, 0.987, 0.963, 0.951, 0.946, 0.964, 0.951, 
0.881, 0.916, 0.922, 0.927, 0.892, 0.885, 0.872, 0.872, 0.908, 
0.921, 0.908, 0.877, 0.972, 0.977, 0.953, 0.977, 0.95, 0.89, 
0.939, 0.918, 0.905, 0.897, 0.924, 0.955, 0.969, 0.945, 0.968, 
0.982, 0.978, 0.966, 0.882, 0.89, 0.89, 0.889, 0.89, 0.927, 0.946, 
0.932, 0.903, 0.902, 0.885, 0.902, 0.895, 0.926, 0.93, 0.905, 
0.894, 0.895, 0.896, 0.889, 0.892, 0.952, 0.96, 0.973, 0.996, 
0.95, 0.95, 0.938, 0.936, 0.969, 0.953, 0.957, 0.959, 0.996, 
0.972, 0.974, 0.944, 0.883, 0.874, 0.919, 0.916, 0.908, 0.9, 
0.881, 0.868, 0.921, 0.923, 0.934, 0.963, 0.936, 0.968, 0.984, 
0.998, 0.987, 0.992, 0.963, 0.944, 0.93, 0.957, 0.994, 0.883, 
0.909, 0.925, 0.879, 0.896, 0.891, 0.858, 0.391, 0.421, 0.121, 
0.097, 0.135, 0.131, 0.116, 0.067, 0.058, 0.009, 0.116, 0.137, 
0.119, 0.096, 0.081, 0.094, 0.106, 0.14, 0.096, 0.095, 0.077, 
0.081, 0.131, 0.132, 0.128, 0.104, 0.092, 0.087, 0.07, 0.14, 
0.066, 0.227, 0.249, 0.146, 0.26, 0.195, 0.275, 0.285, 0.275, 
0.284, 0.29, 0.274, 0.2, 0.25, 0.248, 0.255, 0.17, 0.251, 0.225, 
0.265, 0.182, 0.159, 0.186, 0.198, 0.202, 0.206, 0.196, 0.188, 
0.173, 0.17, 0.226, 0.255, 0.265, 0.194, 0.197, 0.187, 0.152, 
0.143, 0.2, 0.207, 0.176, 0.177, 0.269, 0.274, 0.228, 0.15, 0.158, 
0.17, 0.176, 0.301, 0.318, 0.329, 0.339, 0.314, 0.313, 0.31, 
0.376, 0.406, 0.425, 0.373, 0.372, 0.372, 0.398, 0.425, 0.334, 
0.213, 0.147, 0.179, 0.175, 0.353, 0.334, 0.303, 0.295, 0.351, 
0.358, 0.377, 0.41, 0.373, 0.402, 0.38, 0.408, 0.425, 0.372, 
0.331, 0.343, 0.31, 0.287, 0.399, 0.392, 0.416, 0.4, 0.372, 0.402, 
0.318, 0.347, 0.346, 0.344, 0.354, 0.335, 0.331, 0.314, 0.305, 
0.35, 0.376, 0.391, 0.425, 0.432, 0.429, 0.429, 0.43, 0.43, 0.415, 
0.413, 0.398, 0.396, 0.369, 0.368, 0.385, 0.368, 0.369, 0.402, 
0.41, 0.417, 0.402, 0.412, 0.416, 0.421, 0.406, 0.398, 0.379, 
0.422, 0.346, 0.354, 0.356, 0.351, 0.325, 0.294, 0.312, 0.354, 
0.424, 0.318, 0.494, 0.531, 0.529, 0.508, 0.463, 0.511, 0.532, 
0.548, 0.517, 0.516, 0.486, 0.439, 0.439, 0.439, 0.435, 0.522, 
0.552, 0.545, 0.524, 0.499, 0.519, 0.516, 0.537, 0.436, 0.499, 
0.521, 0.503, 0.45, 0.459, 0.435, 0.474, 0.571, 0.552, 0.568, 
0.537, 0.543, 0.524, 0.455, 0.478, 0.463, 0.456, 0.483, 0.502, 
0.466, 0.465, 0.494, 0.515, 0.566, 0.545, 0.524, 0.57, 0.534, 
0.512, 0.642, 0.573, 0.526, 0.466, 0.447, 0.479, 0.484, 0.462, 
0.46, 0.503, 0.549, 0.555, 0.534, 0.526, 0.514, 0.504, 0.5, 0.499, 
0.485, 0.484, 0.463, 0.458, 0.476, 0.494, 0.484, 0.475, 0.46, 
0.45, 0.531, 0.571, 0.561, 0.531, 0.529, 0.497, 0.482, 0.444, 
0.577, 0.613, 0.62, 0.585, 0.665, 0.679, 0.701, 0.673, 0.685, 
0.649, 0.584, 0.59, 0.633, 0.576, 0.59, 0.592, 0.593, 0.607, 
0.608, 0.621, 0.627, 0.605, 0.587, 0.643, 0.598, 0.65, 0.711, 
0.673, 0.7, 0.698, 0.682, 0.657, 0.676, 0.705, 0.715, 0.714, 
