"polyb" <-
structure(c(0.0421574014541912, 0.284337130438899, 0.477656036909149, 
0.855796315499307, 0.925900973889618, 0.611492202927014, 0.15687411518379, 
0.180242334647227, 0.672911299227089, 0.955134339344866, 0.764335664335664, 
0.833897681266102, 0.291313949208686, 0.0309532572690467, 0.174052263525948, 
0.378763341921237), .Dim = as.integer(c(8, 2)), .Dimnames = list(
    NULL, c("x", "y")))
